line 1 - The next line is line 2 (f1)
A
12  
0 1 0 0 0 0 1 1 0 0 0 0
1 0 1 0 0 1 0 1 0 0 0 0
0 1 0 0 0 1 0 0 0 0 0 0
0 0 0 0 1 1 0 0 0 0 0 1
0 0 0 1 0 1 0 0 0 0 0 1
0 1 1 1 1 0 1 0 0 0 1 0
1 0 0 0 0 1 0 1 0 1 1 0
1 1 0 0 0 0 1 0 1 0 0 0
0 0 0 0 0 0 0 1 0 1 0 0
0 0 0 0 0 0 1 0 1 0 0 0
0 0 0 0 0 1 1 0 0 0 0 1
0 0 0 1 1 0 0 0 0 0 1 0
line 12 - The next line is line 13 (f2)
A B
11
0 1 0 0 0 0 0 1 0 0 0
1 0 1 0 0 0 2 0 0 0 0
0 1 0 1 0 2 0 0 0 0 0
0 0 1 0 1 0 0 0 0 0 0
0 0 0 1 0 2 0 0 0 0 1
0 0 2 0 2 0 1 0 0 0 1
0 2 0 0 0 1 0 2 0 1 0
1 0 0 0 0 0 2 0 1 0 0
0 0 0 0 0 0 0 1 0 1 0
0 0 0 0 0 0 1 0 1 0 2
0 0 0 0 1 1 0 0 0 2 0
End

